24,015,031201,6334,+39.626666,-076.101478
24,015,031202,5570,+39.570328,-076.066901
24,015,031301,3477,+39.656277,-076.070753
24,015,031302,7236,+39.697349,-076.071376
24,015,031400,4164,+39.693950,-076.157654
24,031,700101,4321,+39.214742,-077.174482
24,031,700103,5864,+39.196608,-077.129219
24,031,700104,5356,+39.190531,-077.179691
24,031,700105,6528,+39.182151,-077.163121
24,031,700204,2124,+39.308297,-077.219376
24,031,700205,6312,+39.242756,-077.226455
24,031,700206,5749,+39.254132,-077.191113
24,031,700207,5638,+39.274527,-077.210311
24,031,700208,2218,+39.286556,-077.189561
24,031,700304,7692,+39.206189,-077.258098
24,031,700306,7157,+39.171882,-077.285945
24,031,700308,5720,+39.194428,-077.276974
24,031,700309,5362,+39.185775,-077.268774
24,031,700310,5267,+39.182183,-077.278664
24,031,700311,6736,+39.236482,-077.261496
24,031,700312,6126,+39.245326,-077.284669
24,031,700400,2256,+39.214495,-077.367637
24,031,700500,6295,+39.142685,-077.411486
24,031,700604,6802,+39.106781,-077.283725
24,031,700606,4327,+39.095816,-077.238918
24,031,700607,8001,+39.091616,-077.225086
24,031,700608,5968,+39.064478,-077.255743
24,031,700610,2021,+39.134540,-077.251776
24,031,700611,6352,+39.161572,-077.301853
24,031,700613,6434,+39.149863,-077.285737
24,031,700614,5341,+39.153264,-077.272250
24,031,700615,3032,+39.100129,-077.259767
24,031,700616,4497,+39.109285,-077.250620
24,031,700704,2952,+39.134136,-077.185857
24,031,700706,3447,+39.147685,-077.227648
24,031,700710,6888,+39.147700,-077.157287
24,031,700711,5912,+39.136724,-077.163502
24,031,700713,5471,+39.157463,-077.198581
24,031,700715,5969,+39.169944,-077.185405
24,031,700716,7729,+39.159718,-077.173271
24,031,700717,5877,+39.131504,-077.198254
24,031,700718,4329,+39.115266,-077.173675
24,031,700719,7590,+39.147046,-077.188285
24,031,700720,3499,+39.149643,-077.176575
24,031,700721,2621,+39.161456,-077.205574
24,031,700722,4418,+39.162013,-077.215504
24,031,700723,3387,+39.147329,-077.199559
24,031,700724,3154,+39.137219,-077.207394
24,031,700810,5142,+39.186217,-077.206307
24,031,700811,4591,+39.182827,-077.192960
24,031,700812,4177,+39.171774,-077.198690
24,031,700813,5626,+39.172042,-077.211590
24,031,700815,7546,+39.163508,-077.269557
24,031,700816,7886,+39.120875,-077.210138
24,031,700817,5197,+39.111266,-077.200718
24,031,700818,6078,+39.171711,-077.260754
24,031,700819,6651,+39.168209,-077.251266
24,031,700820,2898,+39.143736,-077.231316
24,031,700822,1568,+39.137973,-077.227509
24,031,700823,3464,+39.132625,-077.236030
24,031,700824,2736,+39.120316,-077.245579
24,031,700826,5944,+39.119589,-077.234278
24,031,700828,2468,+39.108778,-077.224832
24,031,700829,3067,+39.119062,-077.222317
24,031,700830,2520,+39.189083,-077.243319
24,031,700832,2958,+39.171929,-077.239919
24,031,700833,4251,+39.177102,-077.230743
24,031,700834,4885,+39.187554,-077.236080
24,031,700835,4616,+39.200008,-077.235966
24,031,700901,4058,+39.086346,-077.152009
24,031,700902,3759,+39.089126,-077.142987
24,031,700903,1920,+39.088999,-077.128978
24,031,700904,2578,+39.066119,-077.130011
24,031,700905,3922,+39.059095,-077.130270
24,031,701001,5421,+39.071899,-077.149527
24,031,701002,3675,+39.063164,-077.167073
24,031,701004,5055,+39.098497,-077.166647
24,031,701005,3337,+39.083324,-077.163661
24,031,701006,5549,+39.081690,-077.180843
24,031,701007,3158,+39.095909,-077.190307
24,031,701101,4636,+39.080268,-077.122336
24,031,701102,6306,+39.072604,-077.124945
24,031,701201,6012,+39.050568,-077.097944
24,031,701202,2726,+39.037606,-077.099096
24,031,701205,6370,+39.043395,-077.137690
24,031,701206,6366,+39.048581,-077.167947
24,031,701210,3948,+39.064118,-077.184440
24,031,701211,6651,+39.112286,-077.159876
24,031,701212,2714,+39.127278,-077.137846
24,031,701213,5458,+39.036851,-077.116155
24,031,701214,2793,+39.029022,-077.098177
24,031,701215,4393,+39.027515,-077.109490
24,031,701216,4157,+39.048732,-077.114180
24,031,701218,2737,+39.054980,-077.120952
24,031,701219,3121,+39.064582,-077.111644
24,031,701220,3973,+39.072846,-077.211216
24,031,701221,4553,+39.087214,-077.206776
24,031,701303,3709,+39.104789,-077.100394
24,031,701304,6038,+39.168535,-077.071238
24,031,701306,3064,+39.141940,-077.094068
24,031,701307,3576,+39.157066,-077.112094
24,031,701308,3023,+39.122931,-077.072023
24,031,701312,6080,+39.153339,-077.079630
24,031,701313,3769,+39.138591,-077.081324
24,031,701314,2854,+39.144822,-077.061190
24,031,701315,4566,+39.157627,-077.057767
24,031,701316,6317,+39.149023,-077.018702
24,031,701317,4458,+39.186717,-077.048694
24,031,701407,5674,+39.101388,-077.011233
24,031,701408,6301,+39.117164,-076.980125
24,031,701409,4361,+39.098365,-076.951391
24,031,701410,7568,+39.100727,-076.925565
24,031,701414,7465,+39.069865,-076.967678
24,031,701415,7499,+39.083538,-076.982709
24,031,701417,5596,+39.078515,-076.935380
24,031,701418,3307,+39.070909,-076.947701
24,031,701420,6907,+39.057307,-076.949879
24,031,701421,1347,+39.047909,-076.966918
24,031,701422,2570,+39.082695,-076.943556
24,031,701423,4614,+39.088073,-076.937931
24,031,701503,6949,+39.062448,-076.991153
24,031,701505,6771,+39.032509,-076.991683
24,031,701506,4986,+39.050650,-077.004914
24,031,701507,4949,+39.080781,-077.012699
24,031,701508,3687,+39.046571,-076.979795
24,031,701509,6269,+39.039132,-076.982289
24,031,701601,1938,+39.015303,-076.975560
24,031,701602,6162,+39.011602,-076.983844
24,031,701701,3400,+38.977208,-077.007255
24,031,701702,2417,+38.990808,-077.003178
24,031,701703,3154,+38.985056,-076.991507
24,031,701704,2810,+38.974982,-076.998843
24,031,701800,4947,+38.983260,-077.010626
24,031,701900,3053,+38.994268,-077.000313
24,031,702000,5400,+38.996855,-076.992451
24,031,702101,5720,+39.005773,-076.992790
24,031,702102,3197,+39.022405,-077.003884
24,031,702200,4338,+39.008728,-077.005834
24,031,702301,3720,+39.000253,-077.004355
24,031,702302,4026,+39.006290,-077.013954
24,031,702401,2516,+38.992304,-077.013428
24,031,702402,4506,+38.992911,-077.017937
24,031,702500,4987,+38.992521,-077.028968
24,031,702601,3931,+38.991802,-077.033165
24,031,702602,4482,+38.996553,-077.041461
24,031,702700,6848,+38.997728,-077.051724
24,031,702800,4620,+39.003937,-077.040197
24,031,702900,5192,+39.004745,-077.027890
24,031,703000,1755,+39.019126,-077.024099
24,031,703100,4372,+39.025896,-077.021824
24,031,703201,7356,+39.083677,-077.092842
24,031,703202,5584,+39.094572,-077.098453
24,031,703206,3442,+39.072130,-077.054930
24,031,703207,5646,+39.055471,-077.043822
24,031,703208,5301,+39.044856,-077.020594
24,031,703209,5526,+39.040990,-077.037404
24,031,703210,3282,+39.032128,-077.015353
24,031,703212,7692,+39.073563,-077.039647
24,031,703213,5887,+39.090140,-077.076028
24,031,703214,6713,+39.086274,-077.066138
24,031,703215,3074,+39.083347,-077.056584
24,031,703216,3596,+39.096717,-077.071372
24,031,703218,1899,+39.106356,-077.071992
24,031,703219,3257,+39.106384,-077.065479
24,031,703220,4975,+39.099175,-077.055156
24,031,703221,5143,+39.105853,-077.047313
24,031,703301,4765,+39.070541,-077.093505
24,031,703302,4273,+39.072772,-077.082552
24,031,703401,5569,+39.061096,-077.078884
24,031,703402,3805,+39.069425,-077.068818
24,031,703403,3683,+39.061933,-077.062448
24,031,703404,3240,+39.054367,-077.070168
24,031,703501,6640,+39.054422,-077.087666
24,031,703502,2929,+39.039592,-077.079833
24,031,703601,4640,+39.041168,-077.069466
24,031,703602,2919,+39.030608,-077.062726
24,031,703701,4175,+39.053818,-077.062018
24,031,703702,4040,+39.048359,-077.056454
24,031,703800,2943,+39.037087,-077.052311
24,031,703901,2957,+39.020636,-077.038551
24,031,703902,7185,+39.033075,-077.040766
24,031,704000,6799,+39.021689,-077.050337
24,031,704100,4661,+39.016967,-077.073979
24,031,704200,2213,+39.025842,-077.072703
24,031,704300,3835,+39.022927,-077.088693
24,031,704401,3086,+39.023325,-077.116217
24,031,704403,1510,+39.016241,-077.105876
24,031,704404,5164,+39.011213,-077.104146
24,031,704501,3592,+39.018264,-077.131150
24,031,704502,2677,+39.009223,-077.132806
24,031,704503,3931,+39.006891,-077.118964
24,031,704600,5079,+38.996094,-077.114387
24,031,704700,3858,+38.985111,-077.107182
24,031,704803,3326,+38.978176,-077.095791
24,031,704804,1508,+38.983645,-077.093837
24,031,704805,1865,+38.986314,-077.095260
24,031,704806,2780,+38.991252,-077.098108
24,031,705000,4465,+38.993273,-077.088413
24,031,705100,5090,+38.993741,-077.071632
24,031,705200,3270,+38.982782,-077.066060
24,031,705300,1895,+38.969516,-077.079653
24,031,705400,2824,+38.981991,-077.083686
24,031,705501,2493,+38.963839,-077.092280
24,031,705502,3993,+38.969363,-077.098343
24,031,705601,2835,+38.956251,-077.099288
24,031,705602,3925,+38.962004,-077.089904
24,031,705701,4614,+38.965697,-077.114956
24,031,705702,4457,+38.953500,-077.113607
24,031,705800,6003,+38.964875,-077.140494
24,031,705901,4226,+38.993104,-077.138999
24,031,705902,4164,+38.977477,-077.139927
24,031,705903,4547,+38.982973,-077.122586
24,031,706005,4579,+39.019441,-077.187478
24,031,706007,7166,+39.046926,-077.205433
24,031,706008,5330,+38.996407,-077.219803
24,031,706009,5602,+38.996875,-077.191823
24,031,706010,3026,+39.027843,-077.164745
24,031,706011,5290,+39.038734,-077.176108
24,031,706012,3130,+39.027302,-077.151524
24,031,706013,2714,+39.007323,-077.159839
